1 18418276
2 126263
3 38848
4 113572
5 287683
6 601586
7 1081356
8 1698991
9 2408116
10 3057676
11 3536945
12 3750467
13 3668816
14 3323919
15 2818751
16 2243262
17 1687415
18 1192739
19 812657
20 533907
21 344375
22 223412
23 152463
24 111743
25 90016
26 76457
27 66259
28 59215
29 52647
30 45504
31 39907
32 34096
33 29121
34 25442
35 21818
36 19672
37 17257
38 15528
39 14316
40 13726
41 12681
42 11665
43 11086
44 10012
45 9311
46 8688
47 8155
48 7527
49 6961
50 6512
51 6187
52 5755
53 5306
54 4967
55 4739
56 4635
57 4445
58 4228
59 3958
60 3743
61 3497
62 3323
63 3264
64 3075
65 3080
66 2952
67 2927
68 2717
69 2587
70 2506
71 2455
72 2241
73 2055
74 2026
75 2062
76 1949
77 1883
78 1830
79 1823
80 1663
81 1602
82 1537
83 1464
84 1398
85 1323
86 1255
87 1198
88 1152
89 1113
90 1191
91 1072
92 1046
93 987
94 944
95 954
96 950
97 910
98 866
99 821
100 881
101 785
102 765
103 758
104 750
105 666
106 683
107 670
108 653
109 647
110 616
111 602
112 646
113 695
114 562
115 595
116 580
117 549
118 538
119 597
120 566
121 520
122 516
123 514
124 488
125 484
126 450
127 450
128 484
129 458
130 414
131 390
132 383
133 360
134 356
135 359
136 351
137 373
138 381
139 366
140 346
141 341
142 327
143 302
144 296
145 309
146 293
147 303
148 271
149 270
150 290
151 333
152 295
153 261
154 256
155 297
156 266
157 282
158 272
159 299
160 276
161 278
162 267
163 262
164 259
165 277
166 273
167 260
168 254
169 260
170 279
171 262
172 305
173 300
174 321
175 330
176 305
177 297
178 325
179 311
180 294
181 295
182 343
183 327
184 335
185 316
186 335
187 348
188 329
189 315
190 322
191 317
192 300
193 278
194 292
195 317
196 263
197 301
198 285
199 290
200 279
201 249
202 298
203 281
204 309
205 289
206 302
207 310
208 254
209 266
210 235
211 219
212 241
213 219
214 220
215 224
216 227
217 194
218 215
219 204
220 195
221 161
222 151
223 164
224 131
225 124
226 111
227 107
228 119
229 139
230 143
231 145
232 128
233 114
234 106
235 114
236 121
237 101
238 111
239 116
240 105
241 110
242 94
243 91
244 101
245 77
246 88
247 114
248 91
249 102
250 98
251 90
252 89
253 94
254 100
255 83
256 77
257 92
258 71
259 77
260 89
261 73
262 80
263 79
264 74
265 66
266 58
267 82
268 76
269 65
270 85
271 67
272 64
273 68
274 62
275 65
276 71
277 69
278 60
279 58
280 58
281 51
282 48
283 56
284 50
285 48
286 46
287 53
288 47
289 46
290 46
291 39
292 46
293 43
294 41
295 34
296 49
297 46
298 47
299 64
300 46
301 50
302 42
303 47
304 50
305 51
306 49
307 50
308 53
309 53
310 42
311 42
312 34
313 46
314 40
315 43
316 48
317 45
318 40
319 52
320 44
321 39
322 50
323 31
324 45
325 26
326 40
327 32
328 35
329 29
330 31
331 21
332 29
333 28
334 36
335 22
336 28
337 26
338 21
339 20
340 26
341 41
342 35
343 21
344 19
345 34
346 33
347 30
348 17
349 25
350 32
351 18
352 21
353 23
354 25
355 20
356 21
357 26
358 24
359 16
360 20
361 24
362 18
363 18
364 16
365 19
366 12
367 12
368 20
369 18
370 16
371 14
372 20
373 19
374 20
375 19
376 19
377 13
378 12
379 14
380 20
381 16
382 17
383 12
384 12
385 18
386 13
387 12
388 13
389 15
390 17
391 19
392 18
393 11
394 13
395 12
396 11
397 15
398 17
399 17
400 8
401 13
402 12
403 13
404 11
405 11
406 10
407 9
408 13
409 13
410 9
411 16
412 9
413 18
414 19
415 11
416 17
417 15
418 6
419 18
420 9
421 11
422 6
423 9
424 18
425 12
426 14
427 10
428 13
429 14
430 5
431 4
432 12
433 9
434 9
435 10
436 11
437 12
438 10
439 10
440 8
441 14
442 15
443 11
444 10
445 9
446 9
447 11
448 8
449 9
450 10
451 8
452 5
453 7
454 9
455 11
456 9
457 9
458 8
459 11
460 3
461 9
462 13
463 8
464 8
465 7
466 4
467 3
468 5
469 6
470 10
471 3
472 8
473 7
474 7
475 7
476 6
477 8
478 5
479 6
480 6
481 12
482 7
483 5
484 12
485 8
486 13
487 5
488 6
489 6
490 6
491 9
492 9
493 7
494 6
495 10
496 3
497 7
498 3
499 7
500 6
501 8
502 4
503 8
504 3
505 4
506 2
507 1
508 5
509 1
510 6
511 6
512 4
513 3
514 4
515 4
516 6
517 5
518 4
519 3
520 1
521 4
522 4
523 1
524 3
525 3
526 2
527 2
528 1
529 3
530 2
531 3
532 4
533 1
534 5
535 4
536 2
537 3
538 2
539 4
540 2
541 5
542 2
543 2
544 3
545 3
546 2
547 2
548 3
549 3
550 4
551 1
552 1
553 1
554 1
556 1
557 4
558 4
559 3
560 2
561 3
562 4
563 5
564 2
565 6
566 4
567 1
568 4
569 2
570 1
571 1
572 4
573 3
574 3
575 4
576 6
577 1
578 1
580 1
581 3
582 3
583 5
584 1
585 1
586 4
587 1
588 3
589 1
590 2
595 3
596 2
598 2
599 1
601 1
602 1
603 1
604 2
605 3
606 4
608 2
609 1
610 1
611 2
612 2
614 1
615 1
618 1
619 2
621 3
622 3
623 2
624 1
625 1
626 4
627 3
628 1
629 2
630 1
631 3
633 2
634 2
635 2
636 1
639 1
640 1
641 2
642 4
644 3
645 4
646 1
648 1
649 1
650 3
652 3
653 1
654 3
655 3
656 1
659 1
661 1
664 1
668 1
670 1
672 1
673 1
675 1
676 1
682 1
684 2
685 1
686 1
687 1
690 1
691 1
692 1
696 1
697 3
701 2
702 1
705 1
707 2
708 1
712 1
714 1
716 1
718 1
719 2
721 1
723 2
724 1
725 1
726 1
727 2
729 1
732 1
735 1
736 2
739 1
740 1
742 1
744 1
745 1
749 1
751 1
754 1
758 2
760 1
761 1
762 1
763 1
764 1
765 1
769 1
772 1
774 1
775 1
779 2
786 1
787 2
788 1
789 1
790 1
791 2
792 1
793 2
794 2
795 1
796 3
798 1
799 1
801 2
803 1
805 1
806 1
807 2
808 1
810 1
811 1
814 2
816 1
817 1
823 2
824 1
828 2
829 2
830 1
832 3
835 3
836 1
838 2
839 1
840 1
841 2
845 4
849 1
853 1
854 2
855 1
857 2
858 1
859 3
861 3
862 1
863 1
864 2
865 1
869 1
872 2
874 1
878 1
879 2
880 1
881 1
882 1
886 1
888 2
891 1
893 2
895 1
896 1
898 3
902 1
904 1
907 1
909 2
910 2
912 1
914 1
915 1
918 1
919 1
921 2
925 1
926 1
927 1
929 3
931 1
932 1
937 2
938 1
940 2
941 1
942 1
943 1
952 1
953 1
958 1
962 1
967 1
968 1
972 2
973 3
974 2
976 1
978 1
979 1
980 1
982 1
985 1
987 1
989 1
992 2
994 1
996 2
997 2
999 1
1002 1
1004 1
1006 1
1010 1
1015 1
1016 2
1019 1
1023 2
1025 1
1034 1
1035 2
1036 2
1037 1
1039 2
1040 2
1041 1
1045 1
1046 1
1049 1
1053 1
1056 1
1060 1
1063 1
1066 1
1070 1
1071 1
1073 1
1074 1
1076 1
1077 2
1082 2
1085 1
1088 1
1089 1
1092 1
1095 1
1097 1
1098 1
1102 2
1105 1
1107 2
1109 1
1110 2
1112 1
1113 2
1114 1
1116 1
1117 1
1121 1
1127 1
1129 1
1130 1
1132 2
1135 1
1136 1
1138 1
1139 2
1141 2
1151 1
1154 2
1156 1
1158 1
1159 2
1164 1
1167 1
1168 1
1169 1
1170 1
1173 1
1177 1
1178 2
1179 2
1191 1
1193 1
1197 1
1200 1
1201 3
1206 3
1207 1
1209 4
1212 1
1214 1
1215 1
1217 1
1223 1
1226 2
1228 1
1234 1
1238 1
1242 1
1245 1
1246 1
1247 1
1255 1
1256 1
1260 1
1261 1
1262 2
1266 1
1270 1
1273 2
1276 1
1287 1
1294 1
1295 1
1300 1
1306 1
1307 1
1310 2
1317 2
1318 2
1319 1
1325 1
1326 1
1327 1
1329 2
1339 1
1343 1
1345 1
1348 1
1351 2
1353 1
1359 1
1361 2
1362 1
1364 1
1370 3
1373 1
1376 2
1379 2
1380 1
1387 2
1391 1
1397 1
1399 1
1400 1
1402 2
1412 1
1414 1
1419 1
1425 1
1426 1
1428 1
1441 1
1445 1
1446 1
1451 1
1453 1
1455 1
1469 1
1477 1
1499 1
1503 1
1505 1
1507 1
1513 2
1516 1
1517 1
1520 1
1521 1
1523 1
1527 1
1528 1
1529 2
1532 1
1533 1
1537 1
1540 1
1545 1
1549 1
1552 1
1556 1
1557 1
1571 1
1573 1
1574 1
1577 1
1578 2
1582 1
1585 1
1586 1
1587 1
1588 1
1590 1
1592 1
1594 2
1596 2
1597 2
1599 1
1600 2
1601 1
1602 1
1604 2
1605 1
1606 1
1608 1
1610 1
1613 1
1619 2
1620 1
1621 1
1622 1
1625 2
1626 2
1631 1
1638 2
1640 1
1642 1
1645 1
1647 1
1648 1
1655 1
1658 1
1659 1
1662 1
1667 1
1673 2
1675 1
1681 1
1682 1
1683 1
1686 2
1693 2
1696 1
1698 1
1705 1
1712 1
1717 1
1721 1
1723 1
1728 1
1731 1
1732 1
1734 2
1740 1
1741 1
1745 1
1746 1
1749 1
1750 2
1756 1
1760 1
1766 1
1767 2
1769 1
1777 1
1779 1
1780 2
1783 1
1784 1
1794 1
1806 1
1810 1
1812 1
1814 1
1818 1
1823 1
1827 1
1832 1
1836 1
1838 2
1840 1
1855 1
1857 1
1858 1
1860 1
1863 1
1864 1
1871 1
1873 1
1877 2
1883 1
1886 1
1894 1
1895 1
1912 1
1914 1
1925 2
1927 1
1947 1
1949 2
1950 1
1960 1
1964 1
1965 1
1967 2
1969 1
1971 1
1972 1
1975 1
1976 1
1981 1
1993 1
2007 1
2009 1
2020 1
2021 1
2023 1
2024 1
2026 1
2033 1
2068 1
2070 1
2093 1
2094 2
2100 1
2101 1
2116 1
2119 1
2156 1
2165 1
2189 1
2201 1
2203 1
2204 1
2214 1
2219 1
2241 1
2280 1
2435 1
2556 1
2586 1
2604 1
2641 1
2667 1
2669 1
2682 1
2708 1
2717 1
2719 1
2722 1
2732 1
2738 1
2739 1
2743 1
2744 1
2763 1
2769 1
2789 1
2797 1
2801 1
2816 2
2817 1
2841 1
2849 1
2903 1
2907 1
2913 1
2932 1
2945 1
2994 1
3003 1
3020 1
3034 1
3061 1
3087 1
3132 1
3144 1
3181 1
3243 1
3313 1
3341 1
3359 1
3387 1
3396 1
3400 1
3432 1
3451 1
3480 1
3496 1
3497 1
3530 1
3544 1
3545 1
3560 1
3633 1
3684 1
3734 1
3737 1
3754 1
3759 1
3776 1
3811 1
3817 1
3826 1
3878 1
3886 1
3888 1
3893 1
3927 1
3947 1
3971 1
4007 1
4010 1
4023 1
4093 1
4122 1
4152 1
4178 1
4235 1
4582 1
4669 1
4723 1
4744 1
4746 1
4774 1
9408 1
9452 1
9792 1
9825 1
10001 4
