1 20164188
2 127489
3 46422
4 135591
5 337135
6 691228
7 1218972
8 1880652
9 2615343
10 3256067
11 3694988
12 3838750
13 3681951
14 3270646
15 2721311
16 2124109
17 1567163
18 1086979
19 727915
20 470423
21 299636
22 193367
23 131575
24 97586
25 78289
26 65950
27 57240
28 50423
29 44625
30 38709
31 33385
32 28327
33 24317
34 21307
35 18255
36 16742
37 14625
38 13537
39 12541
40 12025
41 10980
42 10188
43 9649
44 8684
45 8072
46 7658
47 7072
48 6571
49 6077
50 5663
51 5435
52 4853
53 4665
54 4438
55 4191
56 4119
57 3905
58 3569
59 3467
60 3196
61 3069
62 2972
63 2851
64 2865
65 2788
66 2653
67 2529
68 2425
69 2277
70 2175
71 1966
72 1877
73 1948
74 1868
75 1732
76 1695
77 1648
78 1654
79 1546
80 1380
81 1399
82 1309
83 1252
84 1176
85 1106
86 1070
87 1061
88 1070
89 1018
90 994
91 891
92 838
93 848
94 871
95 880
96 793
97 821
98 760
99 727
100 685
101 726
102 642
103 672
104 624
105 551
106 588
107 607
108 561
109 544
110 592
111 565
112 570
113 548
114 557
115 506
116 519
117 551
118 497
119 483
120 451
121 476
122 468
123 443
124 398
125 390
126 395
127 419
128 348
129 314
130 317
131 288
132 336
133 309
134 284
135 284
136 318
137 327
138 308
139 270
140 272
141 241
142 259
143 239
144 269
145 262
146 263
147 264
148 257
149 250
150 250
151 236
152 244
153 266
154 262
155 260
156 277
157 256
158 270
159 230
160 274
161 252
162 250
163 260
164 244
165 250
166 231
167 262
168 249
169 276
170 287
171 295
172 317
173 277
174 296
175 306
176 306
177 286
178 278
179 336
180 305
181 311
182 299
183 310
184 312
185 327
186 307
187 284
188 294
189 291
190 271
191 322
192 275
193 232
194 264
195 285
196 254
197 263
198 268
199 308
200 281
201 264
202 301
203 261
204 262
205 245
206 231
207 212
208 239
209 186
210 188
211 189
212 214
213 228
214 184
215 173
216 185
217 181
218 155
219 131
220 134
221 134
222 113
223 85
224 121
225 125
226 110
227 115
228 147
229 131
230 111
231 120
232 105
233 126
234 98
235 102
236 90
237 84
238 99
239 94
240 91
241 75
242 73
243 83
244 83
245 78
246 70
247 74
248 84
249 81
250 81
251 78
252 67
253 74
254 73
255 71
256 77
257 67
258 72
259 68
260 65
261 67
262 51
263 57
264 66
265 54
266 46
267 63
268 55
269 56
270 56
271 71
272 56
273 54
274 49
275 54
276 50
277 55
278 41
279 37
280 57
281 36
282 55
283 36
284 36
285 33
286 33
287 27
288 42
289 33
290 39
291 39
292 38
293 33
294 38
295 38
296 32
297 53
298 37
299 46
300 39
301 36
302 37
303 39
304 48
305 40
306 32
307 35
308 37
309 39
310 36
311 35
312 33
313 33
314 33
315 39
316 34
317 26
318 40
319 39
320 27
321 28
322 26
323 20
324 31
325 17
326 17
327 28
328 25
329 29
330 25
331 26
332 16
333 22
334 24
335 33
336 21
337 20
338 28
339 25
340 22
341 20
342 22
343 16
344 19
345 19
346 17
347 22
348 20
349 19
350 12
351 19
352 13
353 18
354 9
355 16
356 15
357 23
358 18
359 14
360 10
361 10
362 14
363 19
364 21
365 19
366 18
367 21
368 19
369 17
370 9
371 17
372 12
373 10
374 9
375 11
376 13
377 6
378 16
379 9
380 20
381 14
382 11
383 11
384 12
385 10
386 12
387 12
388 12
389 12
390 11
391 14
392 17
393 12
394 11
395 8
396 9
397 13
398 9
399 12
400 9
401 10
402 6
403 11
404 13
405 6
406 10
407 8
408 15
409 11
410 11
411 11
412 8
413 10
414 15
415 12
416 14
417 10
418 7
419 7
420 10
421 8
422 9
423 8
424 7
425 11
426 5
427 7
428 5
429 7
430 8
431 11
432 9
433 14
434 5
435 5
436 6
437 11
438 9
439 6
440 8
441 7
442 8
443 9
444 4
445 7
446 8
447 7
448 6
449 9
450 6
451 12
452 14
453 5
454 5
455 3
456 3
457 3
458 2
459 3
460 8
461 4
462 5
463 4
464 10
465 10
466 5
467 5
468 10
469 3
470 6
471 9
472 3
473 2
474 6
475 8
476 5
477 10
478 7
479 4
480 7
481 6
482 3
483 6
484 3
485 5
486 3
487 3
488 5
489 5
490 6
491 6
492 4
493 2
494 2
495 1
496 2
497 3
498 1
499 1
500 4
502 2
503 4
504 2
505 2
506 3
507 2
508 2
509 1
510 4
511 2
512 2
514 1
515 2
516 3
517 1
518 3
519 1
520 3
521 3
522 3
523 1
525 4
526 6
527 2
528 1
530 2
531 1
533 2
534 1
535 1
536 2
537 1
538 4
539 1
540 1
541 3
542 3
546 1
547 3
548 1
549 2
550 1
552 3
553 2
554 3
555 2
556 1
557 2
558 2
559 4
560 2
561 1
562 2
563 2
564 1
565 2
566 2
567 2
568 1
569 1
570 1
571 1
572 4
573 2
574 1
578 2
579 2
580 2
582 1
584 1
585 1
587 1
590 1
591 3
592 1
595 2
596 3
597 2
598 2
599 1
600 2
601 1
602 2
603 1
606 2
607 1
608 1
609 3
610 1
612 1
613 1
615 1
616 3
620 1
622 4
623 2
624 2
625 3
626 2
627 2
631 1
632 2
634 1
635 1
636 1
637 1
639 2
642 1
645 1
647 1
651 2
656 1
659 1
660 2
663 1
672 2
676 1
677 1
679 1
681 1
684 1
685 1
687 1
688 2
689 1
690 2
693 2
697 1
700 2
703 2
705 1
707 1
708 1
709 2
711 1
713 1
715 1
720 1
721 2
724 3
728 1
730 1
731 1
733 1
734 2
735 2
736 1
737 2
738 2
739 3
740 1
741 3
742 2
744 2
745 2
746 2
747 1
748 2
749 1
750 2
751 1
753 1
755 1
756 1
758 2
759 1
760 3
761 2
762 1
763 2
764 1
766 4
768 2
769 1
770 2
772 2
773 1
774 2
775 1
776 2
777 1
778 1
779 1
780 3
782 1
783 1
784 4
786 3
787 1
788 2
789 2
790 2
791 3
793 1
797 1
799 2
800 2
803 1
804 1
805 1
807 2
808 1
809 1
810 1
811 1
812 1
813 1
814 4
815 1
817 4
819 3
820 1
826 1
827 1
828 1
830 1
831 1
832 3
834 1
838 1
839 1
843 2
844 1
846 2
856 1
858 1
859 1
861 1
862 2
863 1
864 1
865 1
866 2
867 5
869 1
872 1
879 1
892 1
894 1
897 3
898 1
899 1
901 1
905 1
906 1
909 1
911 1
912 1
914 1
917 1
920 1
924 2
927 1
928 1
933 2
934 1
940 1
941 4
944 1
948 1
949 2
952 2
953 1
957 2
959 1
961 2
962 1
963 1
966 1
968 1
971 1
984 2
988 1
989 2
990 1
992 1
995 1
1000 1
1002 1
1006 1
1010 1
1014 1
1016 1
1020 2
1024 1
1025 2
1029 1
1031 1
1034 1
1038 2
1039 1
1040 2
1045 1
1047 1
1049 1
1053 1
1054 1
1059 1
1061 1
1062 4
1063 1
1064 1
1065 1
1067 1
1071 2
1074 1
1076 2
1078 2
1080 1
1081 1
1083 1
1084 1
1086 1
1087 1
1088 4
1089 2
1091 1
1092 1
1094 2
1095 1
1098 2
1099 1
1102 2
1103 1
1105 1
1106 1
1107 1
1109 1
1111 1
1114 1
1117 1
1118 1
1119 2
1123 1
1125 1
1129 1
1132 2
1135 1
1136 1
1147 1
1152 2
1153 1
1154 1
1155 3
1158 1
1160 1
1171 1
1175 1
1180 2
1182 1
1183 3
1184 1
1188 1
1191 1
1193 1
1195 1
1198 1
1205 3
1208 1
1220 2
1223 1
1225 1
1226 1
1228 1
1231 1
1233 1
1234 1
1235 1
1239 1
1243 1
1250 1
1254 1
1256 1
1260 1
1262 1
1266 1
1268 1
1270 2
1272 1
1274 1
1279 1
1282 1
1287 1
1289 2
1295 1
1298 1
1299 1
1303 1
1306 2
1307 1
1315 1
1318 1
1323 1
1326 1
1331 2
1332 1
1333 1
1334 1
1337 1
1339 1
1342 1
1345 1
1351 1
1352 1
1357 1
1359 2
1364 1
1366 2
1371 2
1381 1
1394 2
1397 2
1398 1
1403 1
1407 1
1410 1
1423 1
1427 1
1428 1
1431 1
1432 1
1441 1
1447 1
1450 1
1451 1
1464 1
1467 1
1470 1
1475 1
1476 2
1479 1
1481 1
1482 1
1488 1
1491 1
1495 1
1496 1
1497 1
1498 1
1503 2
1509 1
1510 1
1511 1
1513 1
1514 2
1515 1
1517 1
1519 2
1526 1
1527 1
1529 2
1530 1
1531 1
1535 1
1538 1
1539 2
1545 2
1547 2
1549 1
1552 1
1555 1
1557 1
1558 1
1566 1
1573 1
1574 1
1576 1
1578 1
1580 1
1590 1
1592 2
1597 1
1602 1
1604 2
1606 1
1609 1
1610 1
1611 1
1613 1
1616 1
1618 1
1626 1
1627 1
1632 1
1636 2
1639 1
1647 1
1651 2
1656 1
1660 2
1662 1
1663 1
1668 1
1670 1
1671 1
1677 1
1682 1
1683 1
1688 2
1689 1
1692 1
1696 2
1701 1
1702 1
1703 1
1708 1
1719 1
1723 1
1725 1
1730 1
1731 1
1734 1
1746 1
1747 1
1756 2
1760 1
1762 1
1764 1
1767 2
1775 1
1777 1
1781 1
1782 1
1788 1
1797 1
1799 1
1806 1
1810 1
1822 1
1823 1
1833 1
1859 1
1862 1
1896 1
1913 1
1916 1
1941 1
1979 1
2002 1
2004 1
2008 1
2082 1
2097 1
2106 1
2186 1
2268 1
2297 1
2316 1
2345 1
2367 1
2382 1
2401 1
2404 1
2413 1
2524 1
2556 1
2561 1
2562 1
2568 1
2596 1
2599 2
2613 1
2616 1
2627 1
2631 1
2650 1
2654 1
2658 1
2707 1
2712 1
2747 1
2783 1
2789 1
2861 1
2871 1
3019 1
3061 1
3202 1
3204 1
3224 1
3242 1
3253 1
3267 1
3276 1
3285 1
3309 1
3451 1
3459 1
3502 1
3526 1
3555 1
3558 1
3567 1
3583 1
3592 1
3601 1
3607 1
3622 1
3641 1
3644 1
3646 1
3647 1
3656 1
3660 1
3672 1
3700 1
3749 1
3777 1
3788 1
3791 2
3933 1
3963 1
7948 1
7998 1
8146 1
8214 1
8394 1
8423 1
10001 2
