1 27802472
2 158790
3 111631
4 308401
5 689103
6 1280102
7 2045395
8 2869827
9 3600691
10 4053889
11 4149938
12 3891367
13 3372098
14 2705940
15 2040650
16 1442957
17 964262
18 612602
19 378859
20 233889
21 145958
22 97360
23 70989
24 54451
25 45094
26 38196
27 33202
28 28137
29 23571
30 19671
31 16646
32 14555
33 13091
34 11737
35 10296
36 9340
37 8752
38 8025
39 7582
40 7115
41 6498
42 5906
43 5480
44 5113
45 4765
46 4187
47 3734
48 3730
49 3600
50 3329
51 2877
52 2831
53 2610
54 2562
55 2468
56 2345
57 2125
58 2189
59 2044
60 1926
61 1794
62 1695
63 1572
64 1518
65 1591
66 1386
67 1350
68 1236
69 1194
70 1185
71 1118
72 1023
73 993
74 1068
75 965
76 945
77 844
78 780
79 741
80 768
81 654
82 681
83 634
84 655
85 594
86 555
87 546
88 554
89 528
90 553
91 519
92 492
93 445
94 436
95 403
96 412
97 422
98 418
99 439
100 373
101 384
102 368
103 377
104 407
105 334
106 348
107 302
108 301
109 317
110 295
111 251
112 272
113 272
114 236
115 240
116 259
117 226
118 200
119 199
120 235
121 201
122 209
123 210
124 195
125 206
126 205
127 168
128 202
129 174
130 150
131 184
132 165
133 154
134 204
135 190
136 204
137 196
138 180
139 208
140 179
141 208
142 210
143 196
144 220
145 214
146 212
147 239
148 205
149 211
150 190
151 242
152 236
153 215
154 239
155 226
156 222
157 242
158 232
159 252
160 242
161 274
162 295
163 259
164 290
165 256
166 258
167 282
168 272
169 280
170 259
171 261
172 232
173 250
174 210
175 213
176 223
177 245
178 256
179 227
180 218
181 218
182 251
183 188
184 179
185 229
186 194
187 220
188 216
189 184
190 194
191 153
192 154
193 143
194 142
195 148
196 137
197 133
198 114
199 129
200 111
201 90
202 106
203 87
204 85
205 84
206 75
207 90
208 71
209 69
210 76
211 73
212 70
213 81
214 61
215 57
216 66
217 78
218 67
219 66
220 49
221 49
222 41
223 40
224 50
225 49
226 40
227 49
228 33
229 40
230 45
231 39
232 37
233 32
234 44
235 38
236 50
237 41
238 25
239 32
240 30
241 23
242 28
243 23
244 17
245 30
246 22
247 19
248 26
249 24
250 27
251 23
252 22
253 17
254 21
255 24
256 17
257 33
258 31
259 20
260 18
261 22
262 27
263 23
264 9
265 16
266 18
267 15
268 22
269 22
270 18
271 17
272 19
273 9
274 16
275 12
276 15
277 12
278 25
279 13
280 24
281 18
282 22
283 25
284 24
285 22
286 17
287 23
288 18
289 12
290 14
291 16
292 14
293 14
294 16
295 18
296 14
297 9
298 7
299 10
300 5
301 7
302 10
303 8
304 15
305 13
306 13
307 12
308 13
309 13
310 8
311 4
312 11
313 10
314 6
315 13
316 11
317 16
318 22
319 16
320 15
321 12
322 12
323 18
324 12
325 10
326 5
327 6
328 9
329 11
330 6
331 9
332 10
333 11
334 6
335 7
336 8
337 7
338 12
339 9
340 8
341 8
342 10
343 13
344 4
345 7
346 7
347 9
348 9
349 9
350 9
351 9
352 12
353 9
354 7
355 11
356 4
357 6
358 12
359 6
360 8
361 10
362 6
363 9
364 7
365 8
366 9
367 3
368 2
369 3
370 5
371 4
372 1
373 3
374 2
375 5
376 4
377 3
378 5
379 3
380 1
381 5
382 4
383 1
384 4
385 1
386 4
387 6
388 3
389 2
390 1
392 1
393 5
394 2
395 3
396 4
398 2
399 1
400 2
401 3
402 3
403 5
404 3
405 5
406 2
407 3
408 7
409 3
410 4
411 2
412 1
413 1
414 4
415 6
416 2
417 1
420 1
421 1
422 2
423 4
425 4
427 1
428 3
429 2
430 2
432 2
438 3
439 1
440 3
441 3
442 7
443 2
445 3
446 1
447 2
448 2
449 3
450 3
451 2
452 1
453 1
454 3
455 1
456 1
457 1
459 1
460 2
461 1
462 1
463 4
464 2
465 3
466 2
467 2
468 1
469 2
470 2
471 1
472 1
473 2
474 1
475 1
476 1
477 2
479 2
480 3
481 2
487 1
489 2
490 1
491 1
493 1
494 1
496 3
497 1
500 2
501 1
502 1
505 1
507 2
508 2
509 2
513 1
515 4
516 4
517 3
519 2
520 1
523 1
525 2
528 2
529 2
533 3
536 1
537 1
538 2
541 2
542 3
544 2
546 1
550 1
557 1
558 1
559 1
560 1
561 1
563 1
564 3
566 3
570 2
571 1
572 1
573 2
574 2
575 1
576 1
577 1
579 1
580 1
581 5
582 1
584 2
585 1
586 1
587 1
589 1
592 2
593 3
594 2
596 1
597 1
599 3
600 1
601 3
603 1
604 1
605 2
606 1
609 2
610 1
611 2
614 1
615 3
616 1
618 1
619 2
620 1
621 1
623 2
624 2
625 1
626 1
627 2
628 2
629 5
630 4
631 4
632 4
633 3
634 2
635 2
637 2
638 1
639 2
640 1
641 1
642 4
643 2
644 3
646 1
647 2
648 1
652 1
653 2
656 2
657 2
659 1
663 1
664 3
665 3
669 1
672 1
673 1
674 2
675 1
677 1
680 4
681 1
682 2
684 1
685 1
686 1
687 3
688 1
693 1
696 1
697 1
699 2
700 1
701 1
702 1
704 1
705 3
707 1
711 2
712 2
713 3
715 3
719 3
722 1
723 3
725 1
727 1
728 2
731 1
734 1
737 2
739 2
740 1
741 1
744 1
745 2
746 2
747 4
748 3
750 2
751 2
752 1
754 1
757 1
761 1
762 1
764 1
766 1
768 1
769 1
771 1
772 1
773 2
774 1
776 2
778 1
779 1
782 2
788 3
789 1
791 1
794 1
798 2
801 1
805 2
806 1
808 2
809 1
815 1
816 1
817 1
821 2
823 2
824 1
825 2
831 1
834 1
836 1
841 1
845 2
847 1
849 2
867 1
872 1
883 1
885 1
888 3
894 1
897 1
901 1
903 1
906 2
909 1
911 1
912 1
913 2
914 1
916 1
920 1
922 1
925 1
928 1
930 1
943 1
944 1
949 1
950 2
953 1
964 1
965 2
970 1
977 1
978 1
981 1
989 1
992 1
1003 1
1004 1
1006 1
1007 1
1014 1
1023 1
1025 1
1031 1
1045 1
1047 1
1050 1
1052 1
1063 1
1064 2
1065 1
1069 2
1070 1
1073 2
1079 2
1081 1
1084 1
1087 1
1089 1
1091 2
1097 1
1098 1
1099 1
1108 1
1109 1
1110 2
1115 1
1117 1
1125 1
1130 1
1133 1
1134 1
1138 1
1142 2
1148 1
1155 1
1157 1
1160 1
1161 1
1162 1
1163 1
1164 1
1172 1
1189 1
1194 1
1196 1
1197 1
1202 1
1208 1
1211 1
1224 1
1237 1
1255 1
1259 1
1282 1
1289 1
1335 1
1342 1
1400 1
1402 1
1405 1
1473 1
1474 1
1479 1
1483 1
1511 1
1543 1
1550 1
1554 2
1581 1
1589 1
1594 1
1598 1
1629 1
1652 1
1672 1
1829 1
1837 1
1838 1
2404 1
2520 1
5045 1
5090 1
5106 1
5139 1
10001 2
